-0.0758346402124,0.0903762049162,39.9195915151,11.0044620743,-5
-3.1986695113,3.88329801902,40.4755774812,9.80816206994,-5
-7.46256426242,8.55383457525,42.2986857222,10.3801661139,-5
-12.6370747301,14.929009119,37.7115599196,12.6963643082,-5
-19.5663787206,22.9315085753,42.2013052145,14.928380191,-5
-28.2466757454,33.2653861272,39.0487670325,16.2540324732,-5
-38.9953441499,44.7072053488,44.1516838747,17.5033118701,-5
-49.4915549436,56.7783186012,40.2947954227,19.2975805147,-5
-59.8618153955,68.9558296828,36.0037217026,20.1373130633,-5
-68.1743936692,82.7319844399,29.0939828375,21.9593615964,-5
-76.2519074099,96.4282506269,29.4766762716,23.1937860845,-5
-83.2899543388,110.7866723,27.7066485095,22.3053156181,-5
-92.2478455854,123.61491678,38.9154572936,22.0543636052,-5
-101.867697473,136.265078444,33.8842535635,21.0807625673,-5
-108.968196388,148.730075241,21.9663077357,16.7891447599,-5
-110.278350788,157.969798336,-10.3102869275,5.01488824582,-0.919385392274
-108.780565832,161.833334563,-34.3851640437,-5.59941447813,5
-106.701357561,164.110588415,-48.4660163976,-10.6110848651,5
-103.001866778,167.0994809,-51.6752266584,-13.5401461992,5
-97.8581694693,171.49000882,-47.140711668,-14.6307125088,5
-91.6392251515,177.281498679,-48.9274820588,-15.9858876411,5
-83.4268839592,183.884394072,-51.7489979768,-16.8684478454,5
-73.9168876317,192.583494205,-45.7746698748,-17.2736436538,5
-63.020946929,201.933846886,-49.586917005,-16.8405678924,5
-51.6583498613,211.880263647,-53.2906733074,-14.9333794782,5
-38.8183229126,220.016709143,-59.0453653388,-13.6906203615,5
-26.1080124643,227.865226051,-62.4596244674,-11.456571207,5
-11.9758171793,231.26081889,-90.2845989345,-11.8429715012,5
3.44427525845,229.156707583,-101.649070389,-11.0253991285,5
19.3486217629,228.270389328,-85.7582793773,-10.4780039964,5
35.3322699736,228.828848348,-90.1192460898,-10.1308592196,5
51.36716557,229.008099062,-87.3454954011,-9.51705967031,5
67.1655452585,230.706533082,-79.6659108714,-9.12918047095,5
82.6440834113,234.113952412,-79.2328932897,-9.31053949058,5
98.344969257,235.262921997,-91.6979072941,-9.28139344369,5
114.274987495,234.221318484,-94.1229215688,-9.24910701998,5
130.348051735,233.811504293,-87.2136076214,-10.6261954428,5
146.10280161,235.938521311,-80.4337039905,-12.2177431725,5
162.017610282,237.471613866,-86.6666617923,-12.9987468551,5
177.890292823,239.331116852,-77.0709700652,-13.3156462537,5
192.711588678,245.19296355,-60.3881596029,-14.8735017516,5
206.410878766,253.533404537,-58.3099874772,-16.8962093429,5
219.101775571,263.063383682,-45.8825351859,-16.9658662647,5
229.686116273,273.375352059,-49.7187489295,-16.286513949,5
241.164909611,280.859010718,-62.7708990416,-16.1666084773,5
251.321102836,289.348627291,-30.3779466948,-14.7448997315,5
253.449483608,298.630445084,9.61795250563,-5.30417232367,2.95647340277
251.290301918,302.919740511,47.302009493,5.16108685161,-5
247.336573069,305.184301258,69.3046672324,10.6645230933,-5
239.649296492,307.716079564,69.7203327499,13.5256730363,-5
229.141512493,312.685086661,63.9630169859,16.4253401961,-5
216.277416395,318.286038668,64.5878608762,17.8884377343,-5
203.364009312,326.596968892,51.3266793334,16.942002146,-5
190.087331798,335.309079749,61.1795347985,14.4667035328,-5
176.693194254,343.734012528,51.9804311212,11.9200097523,-5
164.542756279,354.13785692,50.9310534772,10.3212285209,-5
151.48597608,363.538193109,53.752831449,8.33849116387,-5
139.542637433,373.917643202,46.3187991139,7.5695371346,-5
127.215060065,383.601748768,54.8262924235,7.17535519541,-5
115.51843714,393.527716242,44.3459421679,7.1309220075,-5
105.813029015,404.753175611,41.585845372,7.03892851557,-5
95.3568579715,414.534104907,46.1735923089,7.62455020212,-5
85.5139167343,424.736534193,46.0819169705,7.89990716996,-5
73.9962371067,433.594088423,56.9939355021,7.9283033198,-5.95
60.9117197981,441.651272044,58.7206834446,6.97097510532,-6.9
47.0551349206,449.666980254,63.228009065,6.41998066425,-6.9
32.3850336458,456.167212771,68.2941361282,5.41625109978,-6.9
17.0649495674,460.252592059,89.8907576716,4.13926943748,-6.9
2.56877836037,455.244671269,128.615479597,2.42018561446,-10.7
-7.45715269973,444.288979382,135.129316372,0.593984639006,-10.7
-18.7445427388,435.777900818,126.082736068,0.736775475299,-11.65
-28.4808887445,426.115477028,146.574723239,0.497170915766,-43.0
-34.4398877812,414.617819313,152.686400023,0.271853160263,-43.0
-41.7519855878,404.193675218,135.691916023,0.902927273948,-43.0
-51.1291147,395.657921875,132.471244252,1.39970762335,-43.0
-60.0675641727,386.521159829,138.144677215,1.96207121498,-43.0
-69.0242311601,376.957637184,134.684932036,2.88016755731,-43.0
-79.3681052886,367.503741261,130.100314387,1.50573045904,-50.6
-91.5389097331,357.991742193,126.071150292,-0.223547937549,-68.65
-104.500889972,349.032145747,123.353965702,-0.450477790372,-68.65
-117.889502443,340.273546782,125.239257623,-0.647561551869,-68.65
-130.11554987,329.858203648,135.385581048,-1.58503409892,-68.65
-140.862958087,318.119947689,136.774506695,1.75907657912,-68.65
-152.560593558,307.219420299,130.165688876,1.72284621441,-68.65
-164.433372326,296.376037304,135.690846505,0.585960890506,-68.65
-175.183154905,284.518821261,137.824714885,-0.29332456389,-68.65
-187.51546289,274.557007571,117.774092686,-0.907188783713,-68.65
-201.814114775,267.48498105,120.835054196,-0.566012752524,-68.65
-215.262286401,258.817995561,121.638985307,-0.60258971072,-68.65
-229.652404488,251.675695458,111.845267169,0.416329849773,-68.65
-243.770713639,244.40265374,129.977136319,0.0658451633357,-68.65
-252.169594345,231.112836943,164.4368617,0.628642765863,-68.65
-252.083039859,215.332442161,197.279540326,-1.71692540363,-68.65
-243.763626982,202.135441442,224.82576575,-0.359107569399,68.65
-232.408207357,190.732961761,224.445677844,-0.214789804377,68.65
-220.369552807,180.221098016,232.960087048,-1.67320181504,68.65
-207.233431336,171.274337707,236.636192856,-3.97488889491,68.65
-194.968824172,161.948283574,226.921118433,-3.86120918801,68.65
-183.577828337,150.763731852,229.824956212,-3.18477913728,68.65
-170.9465015,141.656897449,236.136614573,-3.98063569451,68.65
-159.270441284,132.78022817,227.596189928,-3.60941196772,65.8
-148.781143106,121.160639679,220.387183351,-1.05924195395,65.8
-138.242450444,109.1397474,215.447664482,-0.162501259236,65.8
-128.765319304,96.2691629813,222.445802761,0.392823741001,65.8
-117.874487918,84.5552454742,219.794207125,0.686388359859,65.8
-107.749157263,72.1689518246,221.796701931,1.09617829068,65.8
-95.9817212329,61.1934111524,229.820712449,0.458923069266,65.8
-84.7689242069,49.9079239676,221.816611422,0.172445873593,65.8
-73.0683550497,39.1080188242,234.093323918,-0.660576068142,65.8
-59.7636549784,30.2664958829,233.241218725,-1.98979566274,65.8
-48.1234682436,20.6905063825,235.49202713,-1.58788785054,65.8
-35.1822140663,12.1682358868,230.818734236,-1.59903040837,64.85
-24.774853717,0.212189159018,223.33272959,-0.406520137317,58.2
-10.9667567826,-6.91704331945,263.334613097,-2.37861805914,57.5950855605
2.1147958308,-4.05979583616,304.548149359,-2.38053456829,29.0545655412
7.34247453315,2.60124266332,343.870392096,-0.791202225004,-0.552513452489
7.27742058178,7.15953364494,380.259792148,5.17311643711,-5
5.47120984658,10.1395593876,400.370184139,8.14230969443,-5
1.94709854446,13.3945431606,412.613777216,9.66704384625,-5
-3.92217633474,17.6244114505,413.222384819,10.465605464,-5
-11.7884525024,22.8429196644,425.168228543,10.8568110418,-5
-22.9256514877,26.5046792841,433.793586331,9.71964236997,-5
-36.0205760545,31.1567268592,427.387705701,10.5177477372,-5
-50.0705805423,37.2218608539,426.875800715,11.6764872446,-5
-64.7436332904,43.6661851058,422.372555222,12.1945242733,-5
-78.8287557884,51.2144176923,422.604138599,11.8698844056,-5
-91.9546387386,59.6930186799,414.659423169,11.5543270289,-5
-104.040760625,68.1645705018,412.440565063,11.2176764483,-5
-114.517510397,76.3292459033,415.542799216,10.9778344882,-5
-125.123471857,82.3791483953,423.065320845,12.3673323523,-5
-135.848661108,88.433962408,418.496809525,13.3323151956,-5
-146.3341021,94.4177047027,419.326793509,14.4903550643,-5
-155.904969517,101.616238154,398.673021816,13.2102754778,-5
-159.087020871,109.767999498,358.884642146,4.6225369591,-2.41885217383
-157.827437019,113.841936883,324.195464461,-4.63549735766,5
-155.139760917,116.34670277,304.755791992,-9.74687103287,5
-150.262062799,119.490477143,304.074167791,-12.2234361708,5
-143.979321325,124.599732949,313.296367664,-13.0000088058,5
-137.152403509,130.755407488,310.64213651,-13.0360308894,5
-129.901769366,137.302536613,314.003198097,-12.8485765063,5
-122.896143215,144.062971623,312.710417517,-12.7565869244,5
-115.782334241,150.065659159,307.768186968,-12.7400593174,5
-108.633000681,155.462654334,307.31150115,-12.8646633653,5
-102.166966031,160.646203442,309.673478888,-12.4166783393,5
-96.6428806427,164.987680489,306.66913902,-11.8570570673,5
-91.5733593081,168.748503569,307.118443841,-11.4810668803,5
-87.2033672697,172.002214628,305.141617638,-11.1762906744,5
-82.9970688964,174.732785326,301.374960754,-11.9923147872,5
-78.5561920589,177.388824668,299.946106116,-12.0876856665,5
-73.8726594542,179.817474723,294.096401374,-12.2770024068,5
-68.4084391899,182.025197542,291.780637438,-12.7604768949,5
-62.0373863813,184.68263996,291.602591634,-12.7805823841,5
-54.735379611,187.150485923,285.167275404,-12.9339882788,5
-45.7689371615,188.737280588,273.913068133,-12.3302351697,5
-34.8580410228,188.367748013,264.897398949,-11.5846743947,5
-22.4796407848,189.391503696,293.162687608,-11.3139459701,5
-14.396512432,196.535306868,333.051107713,-5.47968055333,5
-13.3141893457,203.363922476,372.797782305,2.47360043852,-5
-16.0875124401,208.540173184,399.365991777,7.07675066965,-5
-20.8698234736,214.246648293,398.08824174,9.25676256819,-5
-26.8515445507,221.399390148,401.483849022,11.3476979744,-5
-34.0726511986,230.492809214,394.290357057,13.2165247644,-5
-41.8418331693,241.483722966,395.796268129,15.3634441621,-5
-48.9381364742,254.118197677,381.909359167,16.6008023835,-5
-52.2796740812,267.153731127,372.425113425,15.2319501507,-5
-56.5264491659,277.770611615,388.739122484,15.75990813,-5
-61.8686223315,288.565616974,381.220752867,16.9688310534,-5
-66.2448950407,300.098286708,383.591066589,17.0457752213,-5
-71.3887362679,311.135836265,382.875859452,17.8247443484,-5
-74.8484356397,321.814920352,375.039734872,17.8442113101,-5
-77.5286229876,329.999730669,382.271771692,17.8728687648,-5
-80.3059748721,337.047578838,378.027701922,17.5242649701,-5
-81.7190461171,342.626312591,371.171338492,15.0363279931,-5
-82.2534159019,345.134209503,374.731811514,12.3732387046,-5
-82.54734852,346.092615553,379.159338175,12.1855684367,-5
-82.8948917245,347.036405045,380.952043014,12.6203060954,-5
-83.2572538454,347.962264514,381.824975271,12.8359677734,-5
-83.644331805,348.890448623,383.669447857,12.8536538068,-5
-84.0596226654,349.793755949,385.630128057,13.0808085805,-5
-84.500757327,350.695851542,386.038772582,13.3367586769,-5
-84.9154270748,351.608397915,382.023374274,13.1008806369,-5
-85.2387217277,352.553985809,374.635997819,10.6157215544,-5
-85.398577623,353.539481273,363.412522053,7.08277454268,-5
-85.3635663708,354.537272901,352.144963531,1.47816718643,-0.827498269311
-85.1220991975,355.508153733,339.281777032,-1.70976621874,5
-84.6591502523,356.388620368,324.761911135,-8.03544173248,5
-83.984866328,357.14691533,312.897061293,-12.0574272553,5
-82.7229546144,358.22830438,310.411438152,-14.4501214887,5
-80.7675398636,360.024873497,314.669709721,-14.6864373875,5
-78.7749546965,362.016189375,313.805184768,-13.2780904427,5
-76.8390920647,363.674258854,306.624385194,-13.5313058251,5
-73.9899537431,365.425759678,296.501269857,-15.1013496938,5
-69.0086818136,367.273159365,284.645653745,-16.3679333643,5
-60.6927449596,369.0870952,284.874245633,-17.4129208889,5
-50.6773102731,372.021847994,281.370275776,-17.1407870296,5
-39.1987510103,373.986597015,281.957459141,-17.0609418981,5
-28.1511431521,377.61940595,293.743834865,-14.8203420756,5
-19.2605105534,380.856914896,283.297135125,-13.6177561433,5
-10.5746766885,382.701189003,283.825274931,-13.6494237726,5
-2.60894791355,385.277102348,287.8939016,-12.86588575,5
5.09056097799,386.327095659,266.908311533,-13.9955631685,5
14.5873283178,386.241710973,284.616695318,-14.4811636678,5
21.5644679988,390.69166398,324.832354459,-6.837845567,5
22.8154568093,394.195215423,361.018596148,3.14617587883,-5
22.27262701,396.574664779,381.873050746,9.44153966374,-5
20.3697678499,400.204607071,390.857177294,11.5375865936,-5
16.9633772957,406.071414643,387.636167021,13.0510768929,-5
13.3859837533,414.171406216,381.007995637,14.1926162377,-5
10.2419035279,423.678733968,374.05631868,14.7466284507,-5
8.57374733982,433.643494482,371.568230338,13.6371218106,-5
5.66048630236,443.346278129,375.707292242,14.2998453786,-5
3.05846756956,453.694861875,378.832522746,14.4480481222,-5
-3.55210350498,463.642382508,411.066053861,11.5489749012,-29.7
-17.9204222183,468.493428004,451.638091558,3.46246538279,-64.85
-32.7788101376,463.551476082,482.416449691,-1.27036767232,-92.4
-45.9186846897,454.691582269,480.997658802,-2.27082020739,-92.4
-58.444501326,444.429820325,493.601675857,-3.19087899522,-92.4
-70.7343855881,434.669116445,484.779855958,-1.68829002912,-92.4
-83.4759305824,425.005742516,492.294895395,-1.26387341073,-92.4
-93.749512489,412.831970101,507.287962431,-3.04527028565,-92.4
-102.07417432,399.198520885,503.35843129,-3.51737378686,-92.4
-112.338950056,386.930822348,498.378071994,-3.60290571772,-92.4
-123.195584186,375.053974054,496.086705725,-3.51102793103,-92.4
-134.343821146,363.706727998,497.06090313,-2.95483079351,-92.4
-144.692511221,351.392922919,501.879371398,-3.68959285515,-92.4
-154.872249341,339.173264015,498.494873513,-3.5426764078,-92.4
-165.61229579,327.313974549,497.571711719,-3.06860010646,-92.4
-176.330452683,315.434781341,498.58680094,-2.65576074021,-92.4
-186.718380198,303.266349421,500.58425328,-2.00961712874,-92.4
-196.690876797,290.642450638,502.837484606,-0.811274944279,-92.4
-206.282576236,277.949269429,500.804971112,-0.301992605262,-92.4
-217.104755656,266.284869459,495.522621573,0.587608730313,-92.4
-227.58776971,254.007128831,505.927667879,-0.320363545102,-89.55
-234.983649625,240.399608098,506.278308947,-0.711860547605,-75.3
-247.497713276,230.919692448,470.461493182,0.29322378381,-75.3
-260.393090249,221.961766325,504.678453763,-0.174881044455,-75.3
-264.671662264,206.917918323,544.580530485,-0.571918157158,-75.3
-258.530825047,193.027685205,584.514911883,-0.588039081736,75.3
-246.094994894,183.98957738,592.008298548,-0.558063159399,75.3
-233.345676698,175.187803169,605.776109515,-0.715669032415,75.3
-220.189433404,167.505971364,589.846782306,-0.2130069537,75.3
-209.676933082,156.340373185,577.585821387,0.454300345923,71.5
-199.780605604,144.580522706,588.103552348,0.663066027226,71.5
-188.485144332,134.39216096,583.503475434,0.441609240547,71.5
-178.159891708,123.335467275,585.027129506,0.35759339192,71.5
-167.370681579,112.873062018,584.701834499,0.449528174614,71.5
-156.901845726,101.820635409,583.832239666,0.727925856336,71.5
-145.749797513,91.1869318946,588.646659424,0.693355774894,71.5
-133.584526011,81.0880468856,591.829839106,0.370269087851,71.5
-121.137322579,70.9178396302,587.365117804,0.150198440805,71.5
-108.846096394,60.7939286327,596.274114009,-0.187236693291,71.5
-95.5062627399,52.0358405486,594.330701904,-0.571725212511,71.5
-82.9358303325,41.9980982091,588.729897184,-0.248372027077,71.5
-70.8074159409,31.7127480423,593.375551777,-0.524103718199,71.5
-57.4876422038,23.1635378442,600.91318635,-2.11744008839,71.5
-43.9208989721,16.4066719191,606.001931669,-2.57071772642,71.5
-30.8033442332,11.0548477533,609.577859588,-3.30566602343,58.2
-16.9486683225,6.41404673865,613.81229498,-5.10097093106,24.95
-1.80736273921,2.93645041425,621.177450876,-9.35376417314,5
14.2075495431,2.04495155554,634.36416183,-11.6306988359,5
28.3082121077,8.02995429789,673.995740301,-10.9566456592,5
33.7149509786,18.0874364367,713.356420882,-3.80552026146,2.24922563554
32.245519061,25.2580234014,753.356478102,4.70521551329,-5
26.4549985515,29.7695425542,787.706393969,9.4593825008,-5
17.7070582985,31.6539336894,804.128036481,11.4867533391,-5
8.79782031392,32.866493286,797.31749363,11.5716759731,-5
0.2762174592,35.4829743859,789.301044061,12.3335301372,-5
-9.16417580503,39.5989376645,783.36407408,11.2749258645,-5
-19.4529570957,46.8671671648,761.904810508,10.5767831696,-5
-28.4658626639,56.5734857855,774.446395705,8.76869658135,-5
-39.6993856439,64.4272885443,770.596187877,8.23206353894,-5
-49.5695684152,74.3517312691,759.303697083,8.99099723909,-5
-58.4889227119,84.5894405339,766.342299983,9.30504707468,-5
-67.8216971436,93.8317121264,761.266857989,9.6495674246,-5
-75.7171267754,103.353281029,759.377099916,9.33611142743,-5
-83.4479847831,111.558466381,768.603702084,8.79520897452,-5
-92.1166126565,118.086192174,776.336879559,9.66726577214,-5
-101.152138781,124.385002236,771.297353696,9.54190461955,-5
-107.152903684,132.280961912,736.836033653,7.20037118148,-5
-107.071339826,138.883935729,697.350033773,-0.201584128027,5
-104.275557038,142.36938258,666.108908757,-6.87765140159,5
-99.0942768963,144.872209186,648.353866823,-9.16559520742,5
-90.9155776614,146.90317767,641.805620164,-10.4391294887,5
-80.1061930987,149.527938082,646.358315202,-11.7138706153,5
-68.4522490049,153.476063304,650.663823586,-11.5717257002,5
-56.6261496519,158.119463135,651.637342711,-10.9933004021,5
-44.7791894325,162.572210787,648.836090074,-9.65835583843,5
-32.5645593309,166.063576243,642.724238435,-8.73206045113,5
-20.0808129779,168.776798589,644.320694588,-7.89099129128,5
-7.91480680014,172.589934263,648.074271003,-7.0358203739,5
4.46982801203,175.402441543,636.759146592,-7.09733229744,5
17.5181657951,176.097167148,632.484779078,-7.35129027668,5
30.8558415677,177.704015202,641.804053848,-7.3788958409,5
43.872785737,180.635750878,638.27625889,-6.42482685833,5
57.2750601014,180.437711536,623.400312819,-6.20030007823,5
70.897593236,180.914923354,645.337464742,-7.21446989021,5
82.9884571824,185.699289422,652.500803857,-8.28655270978,5
92.7560565979,190.909250723,675.632887034,-8.13134638364,5
96.1023053714,197.509642195,715.615306048,-0.311903203069,-5
95.0584986037,201.866414958,750.859653807,6.5906418529,-5
91.1907274331,206.108031641,769.891453106,9.12913853717,-5
84.5616040644,211.18942763,772.622798679,9.30214241949,-5
76.9186453452,217.775014017,766.701809877,8.75632055201,-5
68.4249170981,224.275956563,778.5007204,8.01426259321,-5
58.6302321906,230.618813453,775.403084254,8.02814442652,-5
48.4428165809,237.526122772,774.106554075,7.7303972209,-5
38.5321426127,245.348828035,770.676182381,7.54926966717,-5
28.6575945207,253.052553883,774.571495968,7.30325358908,-5
18.1729174662,259.640309944,780.269762548,7.5940582922,-5
7.64874574365,266.166624577,774.825007328,8.0611966255,-5
-1.93591660138,273.056919474,776.613470809,8.03439481485,-5
-11.8956063893,278.583363992,784.714400898,8.2398323943,-5
-22.3311097556,283.192837609,786.691659923,9.04060153479,-5
-32.7017177196,287.967866821,782.544398522,10.0409023107,-5
-41.0276772097,295.237884089,748.937154331,10.3280930598,-5
-42.5794764951,302.707192689,709.395323427,3.39442285673,0.0720974451826
-41.0887840869,305.934966849,678.931217415,-5.49279919712,5
-38.6307516816,307.881442592,660.32742198,-9.317285037,5
-33.8192244377,310.141432109,652.064393321,-10.8254239198,5
-26.2608683536,313.274049864,654.984678529,-11.1103884327,5
-17.3469184416,318.031855119,658.662509953,-11.2649911362,5
-7.59385087753,323.24397611,657.597400212,-11.0707453128,5
2.62991017293,328.412835515,655.784797613,-10.6593677992,5
13.2213443068,333.232561567,652.889154323,-10.4673056294,5
24.1829458915,337.407640968,648.412857657,-10.0931255044,5
35.6812285776,340.62154483,641.813724006,-10.3320340997,5
48.2111356614,342.122863056,634.757296203,-10.4893857213,5
61.2108700389,345.140399912,655.579402276,-10.6858483607,5
71.9562734025,351.870752799,660.208569203,-10.2163222793,5
82.6103500365,356.532686363,649.040173179,-10.6556019398,5
93.8212392641,360.500462045,654.497472613,-11.7816242294,5
102.717576204,367.631279786,687.002054649,-10.2364362899,5
104.92137269,374.601650283,721.200519507,-1.29892890683,-5
104.12415625,378.27351,743.657939106,6.39477780004,-5
102.289149694,381.346184389,756.545944963,9.62830289641,-5
98.9075749349,385.357143569,762.284605438,11.2855154426,-5
93.9402268516,390.722796907,763.096290401,11.4034856283,-5
87.3759125802,397.205738732,767.549181945,10.7285641621,-5
78.9372952457,404.481931253,772.185697417,9.82395214417,-5
68.3427468877,411.905729626,774.600721066,9.21831246276,-5
56.9934671721,420.933484419,771.340803726,9.25787596945,-5
44.2740781106,430.081205955,775.585661419,8.99004743995,-6.9
31.4360541677,439.489586626,770.689947946,9.44159122581,-7.85
18.406317802,448.786205119,782.990285674,8.7106862074,-7.85
3.37331411425,454.060499349,794.890084979,8.45928265124,-7.85
-12.284077734,457.23270265,804.671783622,7.9983997495,-8.8
-28.3123486768,456.620670897,820.431064491,4.15702856432,-36.35
-43.4927842929,451.365607188,838.623049075,0.935424541214,-58.2
-56.0185803728,441.769534506,855.31119151,0.218261094215,-58.2
-66.6637510331,430.376794951,855.216990204,0.0431958517862,-58.2
-77.5818405701,420.018425438,853.752008935,0.0448444249592,-58.2
-87.3281720843,409.201461409,861.704855382,-0.0381757587651,-58.2
-96.1661973379,398.432026087,857.31507174,0.31866697395,-58.2
-106.166086817,389.26292774,848.070828318,0.148423862339,-58.2
-116.852383405,381.041789474,850.940731105,0.597129556631,-58.2
-126.381245196,371.633847316,854.492403798,0.882598748048,-58.2
-136.92573378,363.166482049,842.74325125,1.29609954897,-58.2
-149.138952053,356.503716747,836.74846739,1.30988444427,-58.2
-160.888630099,348.036373934,860.949766075,1.44788166584,-58.2
-168.417456145,335.402815918,865.011833738,-1.19499405797,-58.2
-178.592003904,324.559906064,853.694571499,0.716028874165,-58.2
-189.289061177,313.193709335,861.701061156,0.644901433255,-58.2
-198.896060356,300.419668902,861.112308304,-1.51250602279,-58.2
-209.787658412,288.713738818,854.407280704,0.873133515935,-58.2
-220.864453613,277.045509871,858.646023773,1.37780087387,-58.2
-232.28452844,266.00544366,850.1174394,1.91771128467,-58.2
-244.085489822,255.218415116,857.256363851,1.97371304991,-58.2
-252.954151073,242.039891525,879.038019389,0.274730611448,-58.2
-253.483430445,226.709637211,918.226215816,-0.0698613922744,58.2
-245.503226913,213.25890212,937.543605222,-1.05186446672,58.2
-237.319381984,200.309056179,924.758714541,-0.986988985117,58.2
-230.666633072,186.625055072,932.057324458,-1.11114220736,58.2
-222.061839947,174.061550829,935.6579922,-1.82704315635,58.2
-212.815494302,161.658191717,937.852448888,-2.08416733246,56.3
-202.702211193,149.237138249,940.648771808,-2.38553145207,55.35
-191.968256724,137.453498676,944.248098684,-2.72866312065,55.35
-180.37909456,126.366325377,946.723377248,-2.97704328417,54.4
-171.895506337,113.071914792,920.517940371,-0.776631502544,54.4
-165.255296138,98.5655064371,934.622260481,0.114761571125,54.4
-154.417724848,86.8247148438,941.544469888,-1.20169221566,54.4
-144.36665118,74.3325279912,941.729375415,-0.884305957269,54.4
-132.963628084,63.1898516696,949.368498079,-0.693069212394,54.4
-120.28683231,53.3753691038,954.991073928,-0.30269973883,54.4
-106.885611591,44.7120508077,959.189572468,-0.656428899625,54.4
-92.8100214007,36.9250676207,963.048652203,-2.00809923059,54.4
-78.3298809976,30.3550362288,970.796248994,-3.77891951696,54.4
-63.3352495293,26.862865704,966.298441502,-5.48596960242,54.4
-50.6619770633,17.5964163266,954.670411913,-3.06442925026,54.4
-37.9742470515,7.87336941327,950.540419726,-2.50847978853,54.4
-23.5543032715,2.04290663922,988.54891798,-4.49574319433,51.55
-10.8328485346,6.0378572828,1029.39541361,-5.9009963579,19.25
-5.97349331819,13.4144468915,1067.37247972,-2.93478521548,2.77276105559
-6.23248831924,18.4297179751,1102.20634936,4.70417716104,-5
-8.74002358096,21.9812028552,1124.58518702,10.6769878418,-5
-13.6187645457,26.6561132159,1123.07749634,13.9105577532,-5
-19.3983021781,33.9775031745,1116.91465489,16.0384580868,-5
-25.9734486876,42.3720876804,1116.3065044,16.8487763915,-5
-32.1826711774,51.7488727037,1116.07502513,15.7666134516,-5
-39.9360412355,59.6494002747,1131.81303226,16.8461953511,-5
-49.7984461483,68.2726352203,1121.58077942,18.1974820878,-5
-58.1936496904,79.1822913985,1118.42156764,16.7453219852,-5
-67.1900017524,89.2968231401,1122.96486704,16.5078004143,-5
-75.9937185926,99.2065188469,1124.25409131,14.5448537583,-5
-85.0505391024,107.890068067,1125.49535314,13.8536903459,-5
-94.1094093361,116.489854522,1129.84166221,14.0496045783,-5
-103.782130996,124.663390484,1119.36476597,14.4299146811,-5
-107.756582306,135.065061458,1079.25676713,9.98201432115,-5
-105.90216747,140.93757161,1039.47842808,-0.364475672522,5
-103.006673785,142.808557556,1007.3892859,-9.69722542148,5
-97.3464129526,143.142900849,981.897167847,-13.8234447536,5
-90.1848927156,140.75557401,962.686841549,-17.1555291745,5
-83.2270552988,137.240345699,970.220707124,-17.6753867642,5
-74.6288632626,136.391526038,997.467183344,-16.1670188955,5
-63.7256094362,139.738090578,1010.74565278,-15.5904295241,5
-50.933819716,142.309861822,994.555067753,-17.0257065997,5
-35.5473795389,144.73004479,999.149946545,-17.7701773009,5
-19.6017105259,145.694099275,995.52858241,-18.0921973174,5
-4.34065640329,149.160719964,1006.72232933,-17.4830487382,5
10.1984437407,152.843954036,1003.69549009,-18.0396021717,5
24.4058506686,156.818013154,1004.95342728,-18.9196130047,5
38.8773755927,160.965600237,1007.80095765,-20.0797570891,5
53.270155398,165.536369895,1008.99335414,-20.8703397544,5
66.8965961027,171.500749457,1019.56625477,-20.7401115024,5
77.6488409232,178.95171737,1028.77334733,-18.9990266037,5
86.8294140225,185.662777646,1022.30189167,-18.4123609528,5
96.2940043005,192.108094514,1027.3933342,-19.0717226791,5
105.950604098,199.072731204,1022.92416616,-19.8776810549,5
116.923944665,206.945824116,1032.89607945,-20.3749430058,5
126.748268907,216.95653099,1031.62853587,-18.8695224887,5
138.064076533,224.941770288,1020.99815518,-16.9696089286,5
149.75483482,232.656798865,1028.24393087,-15.6413872472,5
160.436893341,240.616024673,1019.49373714,-14.4249157273,5
172.898251156,245.456157582,1005.35967839,-14.1744924053,5
186.126059685,250.506699716,1026.52702828,-12.5765869502,5
192.928730542,260.149583881,1066.72953149,-4.79061607634,3.67994092094
192.35634681,267.61868191,1104.20527729,3.66708504303,-5
187.963984162,272.960086758,1132.61740302,7.64376431585,-5
180.020935881,277.115990959,1149.64504127,9.35066955335,-5
169.52710748,281.222159632,1139.87532522,10.4404741919,-5
159.888977096,289.291853437,1124.76447105,11.4688531296,-5
149.642989949,298.400477981,1126.29635559,11.2099268362,-5
141.605280215,310.049544802,1107.56912237,9.85094084009,-5
134.603216366,320.423625099,1122.02517577,9.17342248771,-5
125.008622321,329.453761187,1131.60140843,9.30753120406,-5
113.587946008,338.149656043,1125.3110646,9.4039125212,-5
103.339493911,349.806432446,1122.31716578,10.8198516483,-5
92.933087349,361.88554921,1122.18285916,11.7241731435,-5
82.1700520853,373.712678471,1118.35051911,12.4470492534,-5
72.1788950556,386.23070864,1119.79407268,13.0406616314,-5.95
61.4523492098,398.07104513,1125.4800423,11.0819790042,-6.9
49.597816776,408.860733341,1123.36080049,9.15031498763,-6.9
39.708254363,420.133121975,1127.59840624,8.5076634158,-6.9
30.1088793103,430.274112417,1117.18814873,7.93898199672,-6.9
21.9457417921,439.956334524,1126.59310019,8.39027405681,-5
11.8268418497,447.239960465,1137.47907912,9.15558025461,-5
1.5396679406,454.734939316,1133.75941394,8.91338984399,-5
-10.8488308953,458.6012662,1172.20716368,8.36997890004,-5
-24.3085022052,454.3812823,1202.94909394,7.83907102391,-13.55
-33.7510763853,444.191445939,1232.13871047,3.71008610771,-47.75
-38.0271367093,430.961265566,1245.54326153,0.931338080344,-68.65
-44.2153713769,418.605630966,1217.14777471,0.301333537956,-68.65
-54.4981192753,410.299290287,1208.37992722,-0.0877567841003,-68.65
-64.2500961178,401.292162961,1213.33744148,-0.171091867244,-68.65
-73.7965251231,392.739861562,1210.43327206,-0.170863276895,-68.65
-83.6868056922,384.643761687,1208.20831069,0.36863109635,-68.65
-93.7631106437,376.962753042,1206.43904331,0.35809049226,-68.65
-103.853251212,369.397377526,1209.06286214,0.488754803947,-68.65
-113.076304802,360.732119573,1216.9621215,0.382378534348,-68.65
-121.711491585,351.545549678,1214.58736323,0.280317900719,-68.65
-131.16421573,343.136923874,1211.82314441,0.657545462392,-68.65
-140.25587221,333.557924103,1219.93311781,0.63872077744,-68.65
-148.376712498,323.876962915,1215.03284307,0.603621091768,-68.65
-158.866420756,316.03322949,1201.33937045,-0.0992288625157,-68.65
-170.048581819,309.267920491,1202.54308398,-0.260190427893,-68.65
-181.073833841,301.784440275,1205.72532348,-0.305289715381,-68.65
-191.018446261,294.319710799,1208.03138233,-0.273211679753,-68.65
-201.182991718,286.086698039,1209.95676069,-0.128468706947,-68.65
-210.809715121,277.801673127,1211.4622776,0.0201544831695,-68.65
-220.062921708,269.451651486,1212.64864756,0.171835799176,-68.65
-229.374877582,260.72944257,1213.58349737,0.222280541458,-68.65
-238.782141697,251.660637871,1214.29933062,0.158174569071,-68.65
-248.531685037,242.031061467,1215.84459328,-0.10779515683,-68.65
-255.366369801,230.515340889,1247.9973638,-0.0110314712996,-68.65
-253.57415257,216.734089407,1287.79265513,-0.905170283321,-68.65
-244.518465066,206.339287851,1309.81880166,-0.0453740893025,68.65
-234.656593411,196.152443936,1296.22596003,0.185171142123,68.65
-226.566346159,184.192050683,1294.63012171,0.329578146275,68.65
-217.367225739,172.945942824,1305.35324273,-0.0522654336338,68.65
-206.409490527,163.767265398,1314.26272126,-0.586379788352,68.65
-194.964919226,155.115685412,1306.19541519,-0.526252123639,68.65
-185.995991601,143.891378918,1297.37790447,0.114505063432,68.65
-176.586720195,132.782639045,1297.2625537,-0.138235961557,68.65
-167.125573739,120.850999706,1297.7385885,-0.421647058748,68.65
-157.806342887,108.869176168,1299.6624895,-0.969427658232,68.65
-146.458408452,96.9741534468,1305.53150341,-2.34949838318,68.65
-135.888693582,85.6420331509,1304.81969829,-2.08153299084,68.65
-123.951976128,74.9394681862,1310.98646529,-3.46887183893,68.65
-111.215775317,66.1335314527,1324.1131847,-4.14088273927,65.1049750552
-100.443962167,58.7666801907,1298.59726548,-4.2471528155,68.65
-91.5912433745,46.8740472937,1303.79774275,-3.45241988686,68.65
-81.7511227046,35.4881073894,1296.30490053,-4.4165627232,68.65
-71.2291763877,23.5973464066,1307.16882139,-4.1250502239,68.65
-60.0485840159,15.5694855928,1323.47945383,-3.30192009709,62.44813628
-48.6234202888,11.2904203788,1334.91642715,-3.12014452365,59.7270471177
-38.4939412409,7.14399151922,1311.12106278,-3.58214395967,60.1
-30.7839645015,-2.44904687926,1300.47482125,-1.21357536301,60.1
-19.1827057609,-9.27462256781,1339.56773869,-3.9336277576,44.9
-5.78407516315,-7.12056377416,1380.44322125,-6.5880361329,16.4
1.55282570854,1.19637387858,1420.06889931,-6.70437554365,5
1.83307945982,8.17540460712,1458.99958297,1.61418743575,-5
-1.03156565605,12.5894211179,1483.76440552,9.10371057183,-5
-5.80617486753,17.5069696406,1480.73105356,12.0645091988,-5
-10.8903635244,24.6690697574,1471.28767881,13.9689333942,-5
-16.015326519,33.1770841961,1472.64890845,15.0853547641,-5
-22.7249329116,42.7029252696,1475.71615145,17.5809047567,-5
-30.6110836273,53.5452381517,1476.82897715,19.2210308009,-5
-39.1937330586,66.0267216994,1470.11334705,20.3948854781,-5
-45.8365707729,79.9063256729,1465.36025087,20.1485605981,-5
-52.2774107848,93.7800479407,1458.69590682,21.1010481625,-5
-55.9356609607,107.536245923,1456.96673897,18.7203408241,-5
-60.6065477062,118.253133925,1468.09828897,18.0899669989,-5
-65.8165526136,128.509435608,1464.02715599,17.7749693715,-5
-69.3249480753,136.940009194,1461.04569983,16.6881555169,-5
-71.8359988369,143.282597906,1463.30944927,15.6394361554,-5
-73.8435093286,147.651481084,1465.85288906,14.9140864456,-5
-75.0752945075,150.260016887,1460.8919685,13.9042610615,-5
-75.3286216113,151.319879678,1443.93394045,9.22655390642,-5
-75.2563030776,152.285206433,1426.85890417,1.63894670601,5
-74.8699267196,153.226978508,1408.48874108,-7.58637228087,5
-74.2360045256,154.047507122,1398.13061508,-12.7634246267,5
-73.0731995648,155.349205953,1400.63085673,-14.6515189267,5
-71.8967236951,157.091649436,1412.33753782,-13.5987764434,5
-71.458344731,158.100720104,1420.37784933,-11.17332391,5
-71.1346972627,159.044680024,1420.36983055,-10.7071151074,5
-70.7350649672,159.984990778,1412.62248971,-11.6252262363,5
-70.2096744041,160.846693789,1405.14982591,-12.6850552914,5
-69.2713027537,162.097018284,1402.34152298,-13.7723478356,5
-67.771352435,164.11495781,1404.67908408,-14.3878635403,5
-65.9017668212,166.812273284,1404.86497638,-14.3907395522,5
-63.4670623092,169.915818429,1397.81603999,-14.7050154958,5
-59.5240194724,173.567651505,1388.84765813,-15.7777330854,5
-53.3754704107,178.449933818,1388.96024228,-15.9889167613,5
-44.4609531879,183.781457706,1374.00762746,-15.8060077566,5
-32.5742283346,189.06350772,1375.62996155,-15.1183533794,5
-19.8242046781,195.804645048,1379.75771689,-14.295103942,5
-7.7056592411,202.854061296,1379.79652794,-12.2994992632,5
5.13723988255,209.601143846,1374.76915763,-11.3899389143,5
18.4380102626,214.819518798,1369.47861946,-10.6768866592,5
31.7715439112,219.856630438,1370.91339369,-10.2429597205,5
45.6809497231,224.136398296,1365.09207996,-10.4288412235,5
59.4885685046,228.555681837,1367.90402413,-9.28195309085,5
74.0702373332,232.583137504,1363.47575779,-8.9049242039,5
88.299391302,236.013543614,1362.97325031,-8.98007563953,5
103.760365679,238.969142132,1359.99272342,-8.57428924953,5
119.12300075,242.503282912,1367.90626982,-10.2444573269,5
133.696441267,249.220480401,1379.09148702,-12.7740069001,5
147.95011633,255.528675634,1372.45957316,-14.3346632939,5
161.558297961,263.692015627,1390.59682783,-16.2865291845,5
171.94777566,275.620250183,1408.33405783,-16.7110439218,5
175.569556337,286.738261329,1443.09946928,-8.87213025661,5
174.078084212,291.71415467,1474.28774113,3.49356332954,-5
172.261304273,293.582352281,1492.24864679,11.1506768236,-5
168.871035066,295.930047704,1495.23650379,14.7324871423,-5
164.08353528,299.785766905,1486.64709425,15.2215960327,-5
159.444841185,304.897408136,1480.39266601,14.1745322584,-5
153.894605069,310.518696821,1488.27121496,14.8566329089,-5
146.290965723,316.913445639,1494.13702552,13.8154184424,-5
135.783161825,323.948371085,1493.56603812,12.7935651905,-5
125.242464025,332.49473004,1493.14618628,12.3226872697,-5
113.58094377,341.160156774,1489.29949942,11.1331134156,-5
103.393224966,351.703646935,1482.44219022,10.3498211747,-5
92.963556381,361.62281735,1485.80118474,9.88877154337,-5
82.9161696564,372.46144555,1483.39316077,10.008677899,-5
72.7268641513,382.214264909,1485.68980354,10.0138229237,-5
62.5870381274,392.851756487,1483.90367966,9.65932924502,-5
51.818504065,403.425725011,1485.87065966,8.81837983182,-5
41.5364651353,414.151869836,1482.11904478,7.88635479883,-5
31.3616411127,424.614067416,1488.08401798,6.82398430368,-5
20.1275825182,433.578720018,1492.29751704,5.98094555178,-5
10.1270913181,443.70537771,1476.29255427,6.25825285696,-5
1.22251281988,454.734069102,1490.0380266,6.59879677927,-5
-11.5466385302,460.34101621,1523.04260047,5.67931536213,-8.8
-26.207370789,457.748137504,1558.26509917,2.12322003577,-43.0
-37.2160843048,447.188690171,1583.21437451,0.783656519962,-62.0
-47.7282057144,436.779520947,1566.13405974,0.0351398533523,-62.0
-59.3545217195,427.555727728,1573.63409256,-0.145533454641,-62.0
-70.5408744992,417.119493871,1572.01155812,-0.24694404458,-62.0
-81.3502101752,406.779343614,1575.61608087,-0.554648017265,-62.0
-92.0843033092,394.5962678,1582.2770061,-0.537387209228,-62.0
-101.028131603,381.708790609,1586.26854881,1.25671592012,-62.0
-111.116853229,369.419386372,1572.4536215,1.29895858497,-62.0
-122.668842981,358.432617388,1579.97676861,0.601603928854,-62.0
-133.125651955,346.294209487,1573.8738936,0.691817132006,-62.0
-146.121484785,336.420577949,1559.9762393,-1.10779909907,-62.0
-158.881326368,327.38409499,1573.87602259,0.930695653045,-62.0
-171.59697695,317.895514209,1557.54377075,0.24127842509,-62.0
-185.885162271,309.995683998,1568.67042436,-0.373623556378,-62.0
-196.66979168,298.231837968,1582.30859994,1.11891435503,-62.0
-206.907852565,285.947221773,1576.44728872,1.4663227415,-62.0
-217.67232277,274.53307963,1579.18902991,1.67870328144,-62.0
-227.506767636,261.538806444,1586.98691656,1.82115205488,-62.0
-235.442780937,248.063663041,1589.62550831,1.9226419006,-62.0
-244.97094766,234.793581771,1581.60687927,0.0266560591067,-62.0
-253.100080782,221.11072924,1602.038136,1.58211939382,-62.0
-253.233754306,205.389960709,1637.36664599,-2.10139974383,-62.0
-246.423267829,191.58971594,1649.10310368,0.734809251025,62.0
-238.277733997,177.427930674,1658.41710982,0.680588709522,62.0
-226.791955287,166.176842214,1665.33316438,-1.99978587096,62.0
-215.59587503,154.894324807,1668.69190465,-2.10075415348,62.0
-204.121543417,143.646062546,1662.53759362,-1.25830817026,62.0
-193.330560525,132.390931524,1665.94869748,-2.03273012141,62.0
-181.019627444,121.554591923,1671.88481162,-3.49135694697,62.0
-168.086814265,112.829540192,1677.80503369,-4.61295384992,62.0
-155.134863254,103.460736049,1671.05450449,-2.86597626187,62.0
-142.620226067,93.4765413494,1674.23008627,-2.06382495036,62.0
-128.527675278,85.3986684264,1688.69229853,-2.38854352449,62.0
-114.674633825,78.1608107704,1675.01995769,-1.48503357361,62.0
-101.204489623,68.9711094707,1671.73341743,-0.536313041945,62.0
-88.2928482482,59.5610586299,1677.43726991,-0.644237520491,62.0
-75.4499241109,50.037349756,1670.16067222,-0.907923315226,62.0
-63.5228851585,39.8757227445,1672.0096103,-1.15424030089,62.0
-50.8776640353,30.6309420495,1675.55652522,-1.95570447555,62.0
-38.1635228153,21.5144975928,1671.12320315,-1.59146520869,62.0
-25.4498726458,11.2213874305,1676.9837644,-1.16815232194,62.0
-11.2101977032,6.10454659817,1705.095891,-2.83148802077,57.2828832675
2.04057950582,8.05919876416,1730.98297766,-5.07824061175,26.85
12.6097630946,10.7158489089,1709.72083897,-7.19060274594,26.85
24.7065882284,8.56497533761,1700.30639128,-8.25170291967,26.85
36.6466379926,10.3810380366,1739.52205138,-5.98087864482,26.85
41.988047669,16.1232910872,1780.30499415,-1.4441154788,0.443842611031
42.2854033253,19.2334964363,1813.22946382,1.96891037365,-26.85
41.8264092844,20.3080638131,1831.85637055,5.81057107787,-20.2
40.1222292561,22.453480293,1842.24917923,10.3524573771,-5
36.1600538355,26.4276722113,1846.6446269,11.189005906,-5
29.8203709778,32.5614426424,1844.42418901,11.821629032,-5
21.6703593942,39.7214296844,1853.97257056,11.8473867691,-5
11.735878516,46.8271581158,1852.60532993,11.1443594375,-5
1.73078509245,55.3190051685,1848.99872519,9.7331163555,-5
-8.34216407617,63.5965880016,1851.2385488,9.14595743055,-5
-18.3133311013,72.0061004476,1848.49373151,9.38791599456,-5
-28.2077076991,80.6026760146,1849.24572382,9.97817434991,-5
-35.3210338057,90.0135438237,1817.9562041,8.70293348195,-5
-35.2671957452,98.7162921284,1777.17083412,1.08218581292,5
-31.2929382142,103.442606137,1743.09839975,-5.30630715885,5
-24.9211069751,105.977803685,1722.92252671,-7.38341450805,5
-16.0689737366,107.430288876,1719.12549361,-7.96695885057,5
-5.97436983101,109.94364614,1729.87710861,-8.63528499625,5
4.89908269222,114.156624684,1728.03160712,-8.92468184876,5
16.5612508116,116.359923804,1714.47916535,-8.93927829858,5
29.6558447838,117.26230836,1716.61876966,-8.67053029399,5
42.86772456,120.250591337,1727.59220803,-8.97257562663,5
55.9052121049,123.904056759,1722.52008272,-9.16276135978,5
68.7156223758,126.357142091,1719.99306334,-11.0547289264,5
82.6076532408,129.170380458,1724.31745027,-13.5461788702,5
95.7366174421,133.63039835,1733.3576318,-13.7933498815,5
108.241792732,139.547567246,1735.05909763,-12.235957339,5
120.059808883,143.830265152,1723.08202819,-12.3371564502,5
133.459678505,145.658711,1717.09204108,-13.241667708,5
148.283551514,148.152908071,1719.45641528,-14.3570523879,5
163.466211272,150.814294124,1728.94765749,-14.9828038734,5
175.087331911,159.900790046,1769.79289426,-11.5349409993,5
177.125724567,169.072875168,1809.88849389,0.0582526344242,-5
174.449815603,174.492940188,1842.02344335,8.20244291633,-5
168.025734351,179.35072757,1859.07851916,11.5172986496,-5
158.29182835,185.173399708,1858.32333375,13.0996134821,-5
145.576543086,193.165305386,1856.05064833,13.1382326637,-5
132.374285004,202.746453635,1852.548932,13.1396228581,-5
120.4461392,212.926252587,1846.4787773,12.4008264021,-5
108.16021206,223.637983035,1852.30249137,10.3892433285,-5
95.6338314115,233.581754438,1847.60194846,8.98125392377,-5
84.5351885692,244.845097702,1844.72399023,8.928413238,-5
73.9359609988,255.852983122,1841.3201023,9.89044985275,-5
64.1446146872,266.89233478,1840.16027811,11.3804481862,-5
55.2855403746,279.74331644,1829.45733236,13.532840376,-5
47.1753979038,293.931130966,1830.45390626,14.7436443634,-5
40.4568384319,307.988804046,1818.93516608,15.9755142337,-5
35.4790908262,322.911105494,1821.55364643,16.3160376361,-5
32.381260321,337.094067068,1802.72862996,15.2412443819,-5
30.4373736969,349.427516762,1815.54488698,14.6165972201,-5
27.5663354462,362.147363686,1808.79820284,14.892233536,-5
25.8318074823,374.984897153,1808.17703826,15.7086329941,-5
23.5821351649,388.144861981,1809.81757831,17.018086863,-5
21.657174514,402.166225957,1803.32217203,17.8205973613,-5
20.6374667483,416.536334832,1807.01718183,17.1137847917,-5
19.0888630255,431.723601982,1804.32803431,16.3096562954,-5
17.0009995365,447.310042568,1815.53289445,15.3634612164,-5
9.33181108924,461.333021945,1843.4246253,13.4776084854,-10.7
-3.50934146452,469.53659107,1872.88741593,7.95194601298,-39.2
-19.5391396154,469.538369138,1908.9621778,0.596414172305,-75.3
-32.189777868,460.161126095,1941.36600996,-1.92852392583,-100
-41.4313690243,447.405362864,1940.91556215,-1.120713413,-100
-52.6609877968,435.707292244,1935.51978588,-4.67569418854,-100
-62.670963785,423.363334428,1947.24840438,-5.02156140319,-100
-71.4814260973,410.188945484,1940.39373963,-4.62609717271,-100
-82.7472577789,398.397016092,1936.30898177,-3.68594465079,-100
-93.6441996304,387.12058645,1933.59065433,-3.05922924154,-100
-104.886304062,375.741340346,1940.15871862,-3.30841959519,-100
-114.540815983,362.492437253,1944.575634,-5.08038530509,-100
-124.672360588,350.136394405,1934.93862201,-4.66600129673,-100
-136.569415526,339.576574174,1931.50465433,-3.18685157599,-100
-147.961953969,328.226441244,1935.45312507,-3.18289813512,-100
-159.425462862,317.665455071,1930.66203822,-2.49723522804,-100
-171.712586512,307.468195626,1931.60433552,-2.6736364128,-100
-183.373442079,296.008278574,1934.74359139,-3.38256072951,-100
-194.961506283,285.438202419,1931.20277133,-2.39059818143,-100
-207.046047755,274.482644468,1933.73246631,-1.25593474995,-100
-218.562286227,263.375802271,1933.41060522,-1.65079354979,-100
-230.44582015,252.533863249,1932.25726414,-1.28890708192,-100
-241.893356261,241.485074905,1936.57587407,-1.34758622582,-100
-251.307950529,228.646032378,1956.25638287,-2.65602824232,-100
-252.598458258,213.006574674,1994.32614176,-2.48870934289,-100
-246.296152502,198.278523054,2005.57352539,-4.49187495431,-100
-240.339562395,183.575655501,2002.80718847,-3.93338427787,-100
-233.473989821,169.051607915,2004.23889149,-4.11295054861,-100
-228.48693465,154.357210951,1993.18305952,-1.21371470873,-100
-222.292413884,139.344206256,2011.5755986,-1.52142461644,-100
-214.199314185,125.576582995,2019.5715755,-2.56827699511,-100
-203.600924449,114.025244228,2018.36919629,-4.39260538236,-100
-193.740431792,101.511052503,2021.57947133,-4.00882032586,-100
-182.379454899,90.895124045,2031.66556474,-3.23086191929,-100
-170.969272761,81.674714405,2029.86749342,-2.90626791896,-100
-160.699443278,73.0448808504,2030.00559206,-2.91272747135,-100
-150.750020566,63.7295972536,2020.82396426,-2.57504656124,-100
-140.680247598,55.7155305788,2041.23262985,-2.19865855449,-100
-130.021081325,49.634402278,2035.53142681,-0.982402058536,-88.6
-120.916417804,42.6022140324,2038.26787856,-0.939790557358,-88.6
-111.242762695,39.1285438485,2059.08549131,-1.32870699401,77.6030269061
-101.302410805,36.3450711979,2045.65939356,-1.60249051909,86.9095002801
-92.2306114332,32.3439762973,2053.24293955,-1.76382487518,81.9847235932
-83.1631426356,31.7241348542,2079.87704237,-2.05608898549,58.9547524896
-74.8265209879,33.0558033708,2069.73152073,-2.16991479829,65.9710929162
-67.5565041354,30.9151902486,2037.70124312,-2.14750712896,81.95
-60.758956646,25.6804082017,2033.35437643,-0.484687420543,81.95
-52.0479963605,20.8408876866,2046.49039543,-2.0833560117,81.95
-42.8428693705,16.3833652048,2040.32737117,-2.83615113901,81.95
-34.2039881223,11.5964124449,2044.28245953,-3.01122092743,81.95
-25.0715053732,8.38174947027,2058.17946953,-2.813169438,71.1455513922
-16.197044652,7.60805382034,2072.21495138,-2.69089950911,58.1824694309
-9.14258453281,8.64179760175,2087.13096224,-2.41319825937,47.6602931423
-4.953338562,11.0992408387,2119.54763015,-1.53632103115,19.6282379919
-4.10189297618,12.6415448636,2149.14603232,-0.232610162742,-6.79973144945
-4.12051665465,13.6538912864,2172.97447054,0.766426729171,-28.0175755573
-4.50674243041,14.5490077507,2194.13468104,1.46744553274,-48.2398488946
-5.21935335441,15.2697086209,2215.71220665,1.97595403012,-70.2878639473
-6.13151607512,15.676989903,2236.2565786,2.5221102308,-81.95
-8.04360900157,15.7420883124,2257.48932666,0.559034070808,-81.95
-12.0079644502,14.1687044544,2285.40297727,-2.59943750529,-81.95
-16.2760034606,7.70936933028,2325.914147,-0.795945176059,-81.95
-15.3920152797,-2.04425908909,2364.99501,-3.27183502071,-81.95
-8.41109072297,-9.06098540804,2405.91418991,-1.73413947314,81.1801676255
0.303095343342,-9.90337656622,2445.01145134,-1.8830061658,46.7544021148
6.07326714589,-6.08675995402,2485.91260681,-1.30450902705,18.8620902978
